(15, 16)
5.565916131014772006e-01 -7.880525819139959642e-01 6.019162538511640959e-01 3.648033374389726191e+00 2.775119331579507964e+00 1.604888137405091619e+00 1.795166566612295567e+00 8.997139464487921012e-01 6.948953870575377278e-01 8.595238374172146090e-01 -7.055867927687314856e-01 -2.445855642411090547e-01 5.339246229089237294e-01 -2.595887350111978353e-01 -6.767283632306219099e-01 1.934214918528589733e+00
-1.086916904526528782e+00 8.617979299006082172e-01 -1.760097170910021713e+00 -1.516537127860846157e+00 -1.066629499621241095e-01 -1.028596100243031941e+00 -7.153680091645991945e-01 -7.692162057793676677e-01 1.493375387118549003e-01 -1.014781991383989723e+00 -1.676448065220746964e+00 7.026394395191841724e-01 -1.875368390185516487e+00 5.564675867400287190e-01 -3.240326099732312448e-01 1.078652426605760439e+00
-3.844193244684557254e-01 -6.716088439370708763e-01 -6.439840106916848717e-01 1.472027143216728007e+00 -2.946890269262917528e+00 -1.053458683620198233e+00 3.712724140833815745e-01 -6.039967568339951187e-01 3.457419311022484898e-01 8.091890503494251208e-01 1.116938999930613186e+00 1.418248514540113581e-01 8.511122536297608399e-01 -3.155383781975011348e-01 -3.794795098107228704e-02 -2.600053600096604356e+00
-1.091270977164792433e-01 8.321766283799142405e-01 9.346836495036358050e-01 -4.987862732145985634e-01 -1.102353471621178915e+00 1.132371474999435135e+00 2.507434790463225482e+00 -8.974779715259366686e-01 4.925177293502352449e-01 6.058588760683752961e-01 -9.127549895039730465e-01 9.927474487585306873e-02 5.058773923844898102e-01 1.476342381452393715e+00 7.855505169221654871e-01 3.247539323976769143e-01
-5.046301034221349902e-01 5.195398651225890951e-01 -8.150959024287154353e-01 -2.539891609076919021e+00 1.243317970505843029e+00 -4.302832698079536722e-01 -1.107597886601749515e+00 -8.092933758069126293e-01 9.943178314264807804e-01 1.714565450767207011e-01 -9.997130870769317390e-01 -2.293285425393410737e+00 4.072007719018531646e-01 -1.508398566041838640e-01 3.138222888181911863e-01 4.463979225005973994e-01
-1.854031080881793248e+00 6.048020032758812947e-01 1.362298107663498570e+00 4.436185412385121318e-01 -1.547235112427908010e+00 -1.244985616272117068e-01 -4.189171968943098956e-01 2.423377173180840227e+00 6.439464219814237111e-01 1.973921188099295509e+00 -2.548865187396165966e-01 5.392448382653758365e-01 2.417602360366847947e+00 1.863255403597828153e+00 1.184879018385216032e+00 -4.833123017712906977e-01
8.985897864637072630e+00 4.354857845752715950e-02 -2.250752164593900151e+00 -6.457931131836120997e-01 4.295724357667563553e-01 -2.034362969086044970e+00 1.459387732606349797e-01 -5.181280734401207955e-01 -3.111502269640311624e+00 -1.905860375437557375e+00 9.495011667878593409e-01 -1.238251508316001948e+00 -2.231706609535488717e+00 -1.116121443261353541e+00 8.619531209671316141e-02 -1.106151263974126664e-01
-8.098917000585736936e-01 3.184196239470296064e-01 -3.238528596423855266e-01 -4.973692664050201329e-02 2.621686199670874018e-01 -5.096751262237237956e-01 1.359195687979026790e+00 -1.937129023451030774e+00 8.345774242257081310e-01 -1.589676766922962781e+00 1.870789274038164212e-03 -2.253198325307702865e-01 -1.806794031050961147e+00 -4.897281172143262751e+00 1.035271757845466656e+00 -3.450209733308681859e+00
-3.529203428139118248e-01 -5.934602771168372426e-01 -1.907097018813248113e+00 4.287668623518712252e-01 -6.064438003828983570e-01 7.351831136588939941e-01 1.360248034770136671e+00 -5.954993413390882173e-01 -3.683387750087291357e-01 1.324132967225854607e+00 1.573870928465425090e+00 5.267414996120030057e-01 -1.242197561137873496e+00 -1.088828111820933975e+00 -1.689469243084005701e+00 -7.056392019158646001e-01
-8.420988466451329035e-01 1.054104698466471479e-01 9.634531376579789086e-01 4.073691620862942564e-01 3.212157094946974656e-01 3.197704664519968043e-01 -9.289604084160005826e-01 2.248418752854376146e-01 -1.381140832301515520e+00 4.437108311820734952e-01 -7.268283084090416679e-01 2.507475133378945231e-01 -8.377643577217364079e-01 -1.314447011478014682e+00 3.805139398592943811e-01 -1.230261130800510694e+00
2.420016378392395140e+00 -6.219923315644207973e-01 6.020958739263193582e-02 -9.257448354273620783e-01 3.239011480027274459e+00 4.638023558362754373e-01 6.171841456203424059e-01 4.097836371631028429e-01 2.885831906752248877e+00 5.458322309281393725e-01 -1.118258652680220733e-01 -1.373971811525406816e-01 9.611639195758800991e-01 -1.112133256304365547e+00 2.412003077811503693e-01 3.954024472151866920e-01
-2.667138796128536438e-01 3.289789565370558222e+00 1.853047154214373160e+00 -2.996537647041374597e-01 -9.553789203164662902e-02 7.997304908134743595e-01 -4.870684157802424585e-01 -2.966785240257895917e-01 -2.258099574692110367e-01 1.202826722038044416e+00 -1.141436325203844637e+00 3.645554454355193763e-01 1.020228961367839693e+00 3.430570300544262541e-02 2.315487651744055242e+00 -1.663992303550879903e+00
2.759164425862969949e-01 1.319522675156944214e+00 -5.009171644584773375e-01 -5.016663457218314415e-01 3.035878453394680876e-01 -1.156760597827382941e+00 -1.594379851191496389e-02 -1.942270571553302849e+00 -1.126111608259414254e+00 -6.861211661494079905e-01 -7.563201280183751152e-01 1.733845753337766693e+00 5.062679807690306788e-01 -1.090694421330500985e+00 7.537345947163650584e-01 -1.104313395510615470e+00
3.851228428497632805e-01 1.618462665333401551e+00 1.538071948396209532e+00 2.897551909390187475e-01 -8.657075096449086127e-01 1.420394936377718631e+00 2.279894933557885750e+00 5.797424974061258229e-01 4.677830682294981113e-01 2.033974363485552495e+00 1.965085695109931363e+00 1.625068815145648937e+00 3.119055773937011722e-01 1.041035395270968333e+00 1.943024488060338006e+00 1.159487789285487569e+00
-7.788741872866324911e-01 1.801339933079823541e-01 1.398005447922443523e-01 -1.635876269592624999e+00 -2.717978448717162099e-01 -1.654298115769531341e-02 1.726549726576567245e-01 -7.099187745482573586e-01 -1.009399928458883267e+00 -8.482986866493495981e-01 5.555785269173334484e-01 9.224045846698011863e-02 -6.515264109941226733e-02 -6.859411432089279614e-01 -6.847581761604915052e-01 3.232820689134502601e+00
(7, 15)
-9.162314546854438690e-01 -5.133869524791356831e-01 8.111254373695345743e-01 2.312608441072811161e+00 2.084795377268362504e+00 -4.542515210656146163e-01 4.211208872198023978e-01 6.089939817897861429e-01 2.104286846682995815e+00 5.311085836631014523e+00 -1.135430779996644324e+00 -1.463993266238598379e+00 4.973217756468462092e-02 -1.003885704476127350e+00 1.366850626722877271e+00
-9.373978174962806220e-02 3.897492525300623178e-01 5.598285232965394265e-02 7.897526144734012821e-01 9.236350711282768078e-01 1.215180524430938380e+00 1.783090555279864375e+00 -4.137822940304379138e+00 -5.338400355134084174e-01 2.691829241987103494e+00 -3.399681292729738180e-01 -1.256526572844317569e+00 -1.430470642645266348e-02 -9.550989058300285439e-01 -1.202956249121321264e+00
8.476839695068344449e-01 1.831487863134222405e-01 3.701433667324221410e+00 -1.471300588411894594e-01 8.057663032044363183e-01 -1.368879220206664415e+00 2.894941094355948374e-01 7.656550824256108667e-01 5.770685312775800657e-01 1.813346510296394154e+00 2.708344339286832270e-01 -6.187083961237711538e-01 -4.043430684097189254e-03 -2.230761681479517033e+00 1.141262952713961720e+00
-6.142252896739623935e-01 -3.830449817365557230e+00 2.956767146546845915e-01 -9.178632837880900119e-01 -3.747644830473433331e-01 -1.197652961259728643e+00 6.984281449341318559e-01 -1.659425589453429328e-01 1.077855784133823214e+00 -1.467352590964255299e+00 -3.019603605306026006e-01 -1.095361241544821895e-01 -8.089582629113181156e-01 -1.476199461877060859e+00 1.333892274529592470e+00
-5.685963234867500438e-01 -8.041133089830658776e-01 -3.868945431999987195e-02 1.241503615364113022e+00 -1.129071139858524475e+00 -5.804296175769950716e-01 4.221256891597024996e-01 -7.128179338639610840e-01 6.281671441392508992e-01 -1.185409760955709046e-01 -1.611274000876144585e+00 -9.174069694354641813e-01 2.061998118119899637e+00 1.779966856182288171e-01 2.434085649839845822e-01
1.117916457733060920e+00 -3.171012140413219882e+00 -3.382398094290222534e+00 -1.577765258002736815e-01 -7.389601229618958378e-02 7.406277786100532445e-01 -6.030617787665031315e-01 -2.376674927849368846e+00 -2.629428439272215590e-01 8.379068898263744014e-01 4.934811085613866055e-01 -3.596520177952590158e-01 2.152448936283226644e-01 1.586277833785673774e+00 -1.261274361149939960e+00
2.163491754421240643e-01 3.394699358514770005e-01 1.622598730764869268e+00 -3.046458596664029517e-01 1.290887023476727347e+00 4.203389213130270807e-02 3.052403280024156840e-01 2.391282410199458974e-01 -1.587087180271019582e+00 2.102147217237492871e+00 2.143424928568462007e-01 -5.318672290166082117e-01 -3.703586442347753249e-01 -6.801768561051816375e-01 1.619210214573565620e+00
