(10, 16)
5.807610012308276337e-01 1.361632861779922266e+00 1.247546061794476469e+00 9.891895485020140155e-01 2.908188015471238619e-01 5.849487005051715593e-01 5.919593314261665240e-01 -1.080563541252012705e+00 -9.303683399291046499e-03 1.088698520513832868e+00 9.596494319177713006e-01 -1.355644471133614415e+00 1.080905509401138831e+00 -6.572369151083732319e-01 -2.573912890957983368e-01 9.472760074460984114e-01
-1.367784190442266068e+00 -1.173856683780856169e+00 -1.286154288899631348e-01 -2.706348821548920092e-01 -3.100270542799556384e-01 7.764995876427639443e-01 7.954752252208473484e-01 -5.218818330427744678e-01 8.688152047841353198e-01 5.943442487436430000e-01 3.904984823714214848e-01 1.787717487278793482e-02 -1.149208360684516705e+00 8.224282410622439921e-01 5.621049569091637332e-01 -3.206359789981638730e-01
-1.182315349287682116e+00 -1.445513764212046082e-01 2.206345726291639497e+00 9.934936846748387840e-01 5.243119007096637141e-01 2.074459785098809572e+00 -2.260671694527624509e-01 3.149470710690697173e-01 -2.790203467856386399e-01 5.530034370972755076e-01 -9.151923727271025211e-01 9.565415797844190049e-01 1.119652775085071411e-01 4.012741823377711237e-01 -1.000639192508999020e+00 1.738358845112073059e+00
1.239809436521454034e+00 -8.316444754217315882e-01 6.687678797461854563e-01 7.468399938630639889e-01 4.836283455954011323e-01 1.081336504693506839e+00 -2.440105385311881925e+00 -1.715797750608387462e+00 -4.679438852641300550e-01 7.322092379284181329e-02 8.627211980231618282e-01 1.634659001048222260e+00 -1.939082669017317739e+00 -8.723435732581839019e-01 -3.208275999502031572e-01 -8.110974262245955746e-01
1.767363679255365083e+00 2.709435259708149468e-01 -1.634590085192150211e-01 2.237869222814768411e-01 -1.555001394813057436e+00 -1.581259206734133782e+00 2.092099927471117837e+00 8.974187838861852340e-01 -1.242154432435544686e+00 1.241909048319562281e+00 1.924678896007845141e+00 -1.220700847639614173e+00 -5.753947687287364054e-01 -2.968481972150206483e-01 1.541688219205628707e+00 -3.239962585125282235e-01
4.607873700846584764e-01 -3.764658726186821402e-01 9.065618269022496234e-01 -3.917323184348449616e-01 1.371777745427182449e+00 3.958939589226666556e-01 -4.689870855106673120e-01 1.025832362419750954e+00 1.144032217045838129e+00 -4.105848415148504182e-01 8.152763066947927850e-01 7.056239308538517219e-02 -4.487189884834383302e-01 -7.945564476839871437e-01 1.054272702424463803e+00 7.084347381918192355e-01
9.698178466289283373e-01 1.030355555988682781e+00 -1.273068939419395029e+00 -2.553015374472217269e-01 3.845816817725202785e-01 -1.729171337283116339e+00 1.803435004428198152e+00 1.358431149570835883e+00 9.513649152361773886e-01 -1.928215174265499821e+00 6.332997449388380051e-01 1.937324008675172404e+00 7.031767541433915358e-01 2.923146863319264210e-01 -8.207857442939348047e-01 2.789029932257369726e-01
-7.195683797580177954e-01 -1.106607050414391002e+00 -9.761621263104934831e-01 -2.579490301429563925e-01 1.383738781568021992e+00 1.040917856404297570e+00 -1.612807864353646555e-03 1.158948779572564813e+00 -1.164820097696805501e+00 1.867781718283510362e+00 -2.390441698995138697e+00 -1.305161663423834106e+00 9.247140265094945244e-01 -3.620514533007233582e-01 -7.049746658704492130e-02 3.352652039146963858e-01
-2.950491406386820614e+00 -4.225274037639951130e-01 2.304607622048115978e-01 7.825162627348900557e-01 2.738844700145241617e+00 -9.967599041343766508e-01 -3.032697239238280398e-02 -2.829927324650572729e+00 -8.668430916019889687e-02 4.688986069776203691e-01 -1.318680111295711610e+00 -2.990007850666375755e-01 2.799708179840761701e+00 -8.655489290301286720e-02 1.723131106259740530e+00 3.338324722076133066e-01
1.592063828160803052e+00 -1.233652502494511305e+00 -1.451876086151796086e+00 1.134538937972046080e+00 1.385797736491404475e+00 3.138311465755778129e-01 7.330419283567947142e-01 1.150148254841852458e+00 -1.817854825642514216e-01 1.637765507131382359e-01 -1.484818108075534493e+00 -2.506460793131887854e+00 -1.182134076373249298e+00 1.195812197552866385e+00 1.265265439092514210e+00 -4.262418697779787186e-02
(1, 10)
1.840802603423755013e+00 1.388358884523831493e+00 4.444469820121063619e-01 1.024092159489710996e+00 7.404808363865078569e-01 1.598877077612532727e+00 4.810370886212699815e-01 -1.434374413034555262e+00 -1.809659348589352401e+00 2.694723667928367039e-01
